1
Volynska
1041.0,426,4027,39319,27763.1,466.6,1.7,13659,5985.7
3
Rivno
1162.7,481.9,4364,45830,26373.4,147.3,0.9,13214,4086.7
2
Zhytomyr
1240.5,543.1,4000,51618,30623.9,187.4,1.3,15692,5176.1
4
Kyiv
1734.5,776.1,5229,89008,59118.2,1283.6,4.7,33506,31057.7
0
Lviv
2534.0,1116.9,4559,112628,68031.6,1995.6,3.5,34583,16970.8
6
Ternopil
1059.0,450.1,3695,38281,22429.1,28.7,0.8,13192,4499.1
7
Ivano-Frankivsk
1379.0,578.9,4047,53767,37787.5,1126.7,1.5,16634,6563.5
8
Zakarpattya
1258.8,545.6,4298,42165,26767.0,125.6,3.2,14009,3721.4
9
Cherovtsy
908.1,366.8,3828,32156,18700.3,205.1,0.3,9890,2444.9
10
Khmelnitsky
1285.3,545.3,4046,55083,29050.0,295.6,0.9,16829,8770.0
11
Vinnytsia
1590.4,702.2,4189,59569,37201.2,870.9,2.7,19719,7781.6
12
Poltava
1426.8,638.4,4621,69629,34745.1,344.7,3.9,19951,10998.6
13
Odesa
2386.5,1043.9,4809,117310,84056.2,509.5,4.2,37380,14987.8
14
Chernigov
1033.4,457.0,4002,43858,24094.4,376.2,1.2,12879,4979.1
15
Sumy
1104.5,497.3,4131,49855,25790.3,626.7,1.5,12830,5188.5
16
Kirovograd
965.8,416.5,3974,40559,24545.5,24433.3,1.2,14060,6150.6
17
Cherkasy
1231.2,556.9,4148,51331,30211.4,210.7,1.3,17872,6126.0
18
Nikolaev
1150.1,535.9,4887,50522,32407.0,1949.6,4.6,19455,9143.2
19
Kharkiv
2701.2,1282.2,4448,132641,95788.5,564.0,2.8,35259,15700.3
20
Dnipropetrovsk
3230.4,1508.6,5075,187830,108145.9,102670.0,16.1,45345,30806.4
21
Kherson
1055.6,488.0,4046,42621,29609.1,99.8,0.7,15284,4336.4
22
Crimea
2055,1050,6000,31998,30000,26.6,100.2,15.4,50000
23
Zaporozhia
1739.5,789.4,5080,80308,55400.7,1941.9,78.1,25429,10193.4
24
Luhansk
2195.3,338.1,4637,42454,9051.4,2235.9,1.2,14204,2910.4
25
Donetsk
4244.0,844.5,5989,114108,37458.5,9238.3,9.4,31437,10774.8
 